Summary of the Multinomial Regression model (built using multinom):
Call:
multinom(formula = TFC_MODE ~ ., data = crs$dataset[, c(crs$input, 
    crs$target)], trace = FALSE, maxit = 1000)

n=29854

Coefficients:
      (Intercept) TFC_GENDER(1,2] TFC_AGE(1,2] TFC_AGE(2,3] TFC_AGE(3,4] TFC_AGE(4,5] TFC_AGE(5,6] TFC_INCOME(1,2] TFC_INCOME(2,3] TFC_INCOME(3,4]
(1,2]   -6.840270      -0.1270059 -0.002221592    0.4956196  0.003234657   -0.2285487  -0.07072322      0.13179825      0.33796391     0.793468466
(2,3]   -3.848960       0.2096170 -1.723281821   -1.4614272 -1.779173566   -1.9543631  -1.74331673     -0.30410643     -0.19153833     0.005947329
(3,4]   -8.249524       0.1304571  1.921122271    2.4552716  2.231893124    2.0954982   2.23278056     -0.41223798      0.02689609     0.900077170
(4,5]   -1.779238      -0.3848699  0.416547580    0.9311402  0.456850607    0.2012530   0.07604542      0.08480894      0.32411299     0.721182960
(5,6]  -32.613313      -2.6333035 28.003548507   27.1941745 26.980040936   26.4888581  26.59972964     -0.48841386      0.70259205    -0.083033979
      TFC_INCOME(4,9] TFC_CAR(1,2] TFC_LIC(1,2] TFC_TRIPDIST(1,2] TFC_TRIPDIST(2,3] TFC_TRIPDIST(3,4] TFC_TRIPDIST(4,5] TFC_TRIPDIST(5,6]
(1,2]       0.6554453     4.091497     1.415004         0.9298144         0.5572303        -0.5026771         -1.445919         -2.009893
(2,3]       0.1383202     3.299390     1.963433         0.2832445        -1.0622476        -2.5263998         -3.609295         -4.558249
(3,4]       0.9838922     3.912164     2.048777        -0.4262897        -1.1322696        -2.3964090         -3.366974         -3.675231
(4,5]       0.5798024     3.710466     1.661683        -3.4592001        -5.4540450        -7.6423028        -19.588641        -79.025053
(5,6]     -31.5281913     1.647959   -19.022098        -0.4097597        -0.8033520        -1.0928779         -1.215381         -3.584313
      TFC_TRPDUR(1,2] TFC_TRPDUR(2,3] TFC_TRPDUR(3,4] TFC_TRPDUR(4,5] TFC_TOD_R(1,2] TFC_TOD_R(2,3] TFC_TOD_R(3,4]
(1,2]       1.1934813       4.0991406        6.846625        8.799129     -0.5848660    -0.07735593     -0.3791520
(2,3]       1.1417445       3.6678626        6.839219        9.467948     -0.4515269    -0.39425404     -0.4802190
(3,4]       1.4887842       2.0825271        4.137892        6.061438      0.0807644    -0.15368001      0.8478868
(4,5]       0.3561295       1.6228866        3.952026        5.152528      0.4267649     0.17553456     -0.2008786
(5,6]      -0.3844587       0.5676306        1.346306        1.713801      1.1218457     0.45742420      1.5075413

Std. Errors:
      (Intercept) TFC_GENDER(1,2] TFC_AGE(1,2] TFC_AGE(2,3] TFC_AGE(3,4] TFC_AGE(4,5] TFC_AGE(5,6] TFC_INCOME(1,2] TFC_INCOME(2,3] TFC_INCOME(3,4]
(1,2]   0.3683183      0.04583235    0.1655033    0.1477165    0.1402461    0.1442417    0.1770699       0.1092990       0.1167221       0.1066625
(2,3]   0.2612691      0.06088052    0.1612085    0.1367162    0.1197937    0.1286905    0.1903783       0.1164249       0.1311476       0.1157746
(3,4]   0.6780502      0.11854145    0.6415318    0.6117923    0.5994419    0.6049991    0.6585962       0.2191727       0.2536304       0.2062874
(4,5]   0.1836837      0.05798468    0.1858060    0.1536202    0.1393306    0.1452467    0.1874899       0.1175334       0.1280532       0.1145555
(5,6]   0.6495901      0.59911616    0.3779394    0.3726946    0.2778439    0.3606769    0.6166656       0.6863316       0.6463985       0.6381088
      TFC_INCOME(4,9] TFC_CAR(1,2] TFC_LIC(1,2] TFC_TRIPDIST(1,2] TFC_TRIPDIST(2,3] TFC_TRIPDIST(3,4] TFC_TRIPDIST(4,5] TFC_TRIPDIST(5,6]
(1,2]    1.396349e-01    0.1001071 9.912154e-02        0.19729856         0.2047058         0.2050026         0.2099166         0.2140633
(2,3]    1.666916e-01    0.1119094 1.006693e-01        0.14596256         0.1660334         0.1704301         0.1815440         0.1955385
(3,4]    2.772628e-01    0.1605412 1.708250e-01        0.19624079         0.2380035         0.2699036         0.3184066         0.3414883
(4,5]    1.648822e-01    0.1112671 1.171284e-01        0.09638614         0.1917859         0.2984707        78.2249029               NaN
(5,6]    4.150116e-11    0.7460463 9.797788e-10        0.49090173         0.6572026         0.6515663         0.6957126         1.2363202
      TFC_TRPDUR(1,2] TFC_TRPDUR(2,3] TFC_TRPDUR(3,4] TFC_TRPDUR(4,5] TFC_TOD_R(1,2] TFC_TOD_R(2,3] TFC_TOD_R(3,4]
(1,2]      0.33276797       0.3183426       0.3243043       0.3312117     0.06387452     0.05139552      0.1154857
(2,3]      0.23136179       0.2227701       0.2381424       0.2558860     0.07752377     0.07297327      0.1536628
(3,4]      0.26478507       0.2867335       0.3270413       0.3911284     0.14890345     0.15437804      0.2068259
(4,5]      0.06919311       0.1013676       0.1834075       0.5194459     0.07241164     0.08570060      0.1596811
(5,6]      0.51046841       0.5714422       0.7160713       1.2269545     0.44456787     0.49465173      0.5689808

Value/SE (Wald statistics):
      (Intercept) TFC_GENDER(1,2] TFC_AGE(1,2] TFC_AGE(2,3] TFC_AGE(3,4] TFC_AGE(4,5] TFC_AGE(5,6] TFC_INCOME(1,2] TFC_INCOME(2,3] TFC_INCOME(3,4]
(1,2]  -18.571628       -2.771098  -0.01342325     3.355208   0.02306416    -1.584485   -0.3994084       1.2058507       2.8954574      7.43905611
(2,3]  -14.731782        3.443089 -10.68977273   -10.689494 -14.85198112   -15.186539   -9.1571176      -2.6120397      -1.4604795      0.05136991
(3,4]  -12.166538        1.100518   2.99458617     4.013244   3.72328527     3.463639    3.3902118      -1.8808821       0.1060444      4.36321961
(4,5]   -9.686427       -6.637441   2.24184086     6.061313   3.27889676     1.385594    0.4055975       0.7215732       2.5310808      6.29549077
(5,6]  -50.205990       -4.395314  74.09533801    72.966376  97.10503216    73.442063   43.1347701      -0.7116296       1.0869332     -0.13012512
      TFC_INCOME(4,9] TFC_CAR(1,2]       TFC_LIC(1,2] TFC_TRIPDIST(1,2] TFC_TRIPDIST(2,3] TFC_TRIPDIST(3,4] TFC_TRIPDIST(4,5] TFC_TRIPDIST(5,6]
(1,2]    4.693994e+00    40.871177           14.27545         4.7127276          2.722102         -2.452052        -6.8880671         -9.389247
(2,3]    8.297968e-01    29.482681           19.50379         1.9405286         -6.397794        -14.823675       -19.8810977        -23.311265
(3,4]    3.548591e+00    24.368598           11.99342        -2.1722785         -4.757365         -8.878757       -10.5744495        -10.762393
(4,5]    3.516464e+00    33.347374           14.18684       -35.8889774        -28.438200        -25.604872        -0.2504144               NaN
(5,6]   -7.596941e+11     2.208923 -19414685651.59066        -0.8347081         -1.222381         -1.677309        -1.7469588         -2.899179
      TFC_TRPDUR(1,2] TFC_TRPDUR(2,3] TFC_TRPDUR(3,4] TFC_TRPDUR(4,5] TFC_TOD_R(1,2] TFC_TOD_R(2,3] TFC_TOD_R(3,4]
(1,2]       3.5865269      12.8765079       21.111731       26.566476     -9.1564829     -1.5051104      -3.283107
(2,3]       4.9348879      16.4647853       28.719024       37.000643     -5.8243668     -5.4027182      -3.125149
(3,4]       5.6226138       7.2629366       12.652507       15.497309      0.5423944     -0.9954784       4.099520
(4,5]       5.1468918      16.0099199       21.547786        9.919278      5.8935960      2.0482303      -1.257998
(5,6]      -0.7531488       0.9933298        1.880128        1.396793      2.5234521      0.9247399       2.649547

Residual Deviance: 32154.27 
AIC: 32404.27 
Log likelihood: -16077.136 (125 df)
Pseudo R-Square: 0.58784282

==== ANOVA ====
Analysis of Deviance Table (Type II tests)

Response: TFC_MODE
             LR Chisq Df Pr(>Chisq)    
TFC_GENDER      141.0  5  < 2.2e-16 ***
TFC_AGE         574.4 25  < 2.2e-16 ***
TFC_INCOME      345.4 20  < 2.2e-16 ***
TFC_CAR        3704.9  5  < 2.2e-16 ***
TFC_LIC         530.2  5  < 2.2e-16 ***
TFC_TRIPDIST   6851.5 25  < 2.2e-16 ***
TFC_TRPDUR     7052.6 20  < 2.2e-16 ***
TFC_TOD_R       262.5 15  < 2.2e-16 ***
---
Signif. codes:  0 '***' 0.001 '**' 0.01 '*' 0.05 '.' 0.1 ' ' 1
[1] "\n"
Time taken: 1.22 mins

Rattle timestamp: 2017-03-28 15:42:53 jx731
======================================================================
