Summary of the Multinomial Regression model (built using multinom):
Call:
multinom(formula = TFC_MODE ~ ., data = crs$dataset[, c(crs$input, 
    crs$target)], trace = FALSE, maxit = 1000)

n=52206

Coefficients:
      (Intercept) TFC_GENDER(1,2] TFC_AGE(1,2] TFC_AGE(2,3] TFC_AGE(3,4] TFC_AGE(4,5] TFC_AGE(5,6] TFC_INCOME(1,2] TFC_INCOME(2,3] TFC_INCOME(3,4]
(1,2]   -8.460586     -0.05050735   -0.1605152    0.5575010   0.02746034   -0.2232959   -0.7018527     0.326141886      0.44532964     0.654231106
(2,3]   -5.963430     -0.08638176   -1.3179114   -0.9045540  -0.92697192   -0.8666515   -1.0534710     0.053642832     -0.10667632    -0.119510007
(3,4]   -9.524769      0.21939149    2.5118335    3.0112333   3.01757622    3.1129902    2.8634234    -0.314556176     -0.21716672     0.363886378
(4,5]   -1.165216     -0.23483161   -0.1224876    0.3841093  -0.18131503   -0.2271787   -0.5425859    -0.009977763     -0.07067781    -0.001233194
(5,6]  -18.955079      0.58510975    9.1901457    9.1682013   9.40452812    9.7607171   10.0330409    -0.133084465      0.50086362    -0.693860901
      TFC_INCOME(4,9] TFC_CAR(1,2] TFC_LIC(1,2] TFC_TRIPDIST_R1(1,2] TFC_TRIPDIST_R1(2,3] TFC_TRIPDIST_R1(3,4] TFC_TRIPDIST_R1(4,5]
(1,2]      0.46207787     4.065184     1.139296            0.7070090            0.3492584          -0.09707165           -0.8907453
(2,3]     -0.20057169     3.678956     1.835930           -0.3026537           -1.5710102          -3.00720444           -3.6219308
(3,4]      0.31193815     4.258961     1.804209           -0.3557334           -0.8775852          -1.21465064           -1.9131167
(4,5]      0.05794832     3.470741     1.363905           -3.6946034           -6.1066587          -7.59804879           -9.7765465
(5,6]    -12.68795272     3.321196     2.204493            0.7952660           -0.3985653          -0.94529323            0.4317274
      TFC_TRIPDIST_R1(5,6] TFC_TRPDUR_R(1,2] TFC_TRPDUR_R(2,3] TFC_TRPDUR_R(3,4] TFC_TRPDUR_R(4,5] TFC_TOD_R(1,2] TFC_TOD_R(2,3] TFC_TOD_R(3,4]
(1,2]           -1.6356470         1.9999058          4.799792          7.122961          9.050945    -0.26136499     -0.1893530    -0.06774852
(2,3]           -4.3404684         2.2416258          4.925408          7.421902          9.272386    -0.34434012     -0.5168416    -0.79572903
(3,4]           -1.7156638         1.3537352          2.116929          3.310449          5.208261    -0.02540803     -0.4452663     0.61431157
(4,5]          -22.3262905         0.6800481          1.845416          3.306056          4.837707     0.11771043     -0.0171929     0.05102125
(5,6]            0.3551036         0.7293686          2.391716          2.470431         -6.407139     0.13567564     -0.6444932   -16.76077130

Std. Errors:
      (Intercept) TFC_GENDER(1,2] TFC_AGE(1,2] TFC_AGE(2,3] TFC_AGE(3,4] TFC_AGE(4,5] TFC_AGE(5,6] TFC_INCOME(1,2] TFC_INCOME(2,3] TFC_INCOME(3,4]
(1,2]   0.3876989      0.06011260    0.2151090    0.1914535    0.1779673    0.1811164    0.1880745      0.09163344      0.11989248      0.09627055
(2,3]   0.2916478      0.06647964    0.2124920    0.1866090    0.1556756    0.1582813    0.1620217      0.09009150      0.13389030      0.10379595
(3,4]   1.0291585      0.09407074    1.0303326    1.0177709    1.0084961    1.0093258    1.0109363      0.13073171      0.19595210      0.13397035
(4,5]   0.1199599      0.03532603    0.1383529    0.1114659    0.1023769    0.1045840    0.1078541      0.05493303      0.06763575      0.05487430
(5,6]   0.6687067      0.34026191    0.6397720    0.6223806    0.3222509    0.3158671    0.3022378      0.38505743      0.48514530      0.55542785
      TFC_INCOME(4,9] TFC_CAR(1,2] TFC_LIC(1,2] TFC_TRIPDIST_R1(1,2] TFC_TRIPDIST_R1(2,3] TFC_TRIPDIST_R1(3,4] TFC_TRIPDIST_R1(4,5]
(1,2]   0.14404116154   0.08498887   0.08604612            0.1604839            0.1712296            0.1711655            0.1849154
(2,3]   0.16223756736   0.08735721   0.08503798            0.1006069            0.1279897            0.1418314            0.1673352
(3,4]   0.19168609839   0.11855187   0.11362230            0.1292056            0.1739546            0.1826378            0.2445782
(4,5]   0.08426610854   0.06244439   0.06431680            0.0671298            0.2114765            0.3287191            1.0086041
(5,6]   0.00002089574   0.37834018   0.36637581            0.5318064            0.6906827            0.7406892            0.7039946
      TFC_TRIPDIST_R1(5,6] TFC_TRPDUR_R(1,2] TFC_TRPDUR_R(2,3] TFC_TRPDUR_R(3,4] TFC_TRPDUR_R(4,5] TFC_TOD_R(1,2] TFC_TOD_R(2,3]  TFC_TOD_R(3,4]
(1,2]       0.202488398580        0.34115374        0.32969709         0.3362207         0.3518012     0.08276229     0.08765174 0.1101560783729
(2,3]       0.215680003443        0.24449139        0.23755174         0.2497344         0.2803932     0.08626753     0.09688465 0.1393743297700
(3,4]       0.285575842088        0.15631274        0.17392807         0.2161160         0.2733671     0.12412265     0.14502737 0.1527908996403
(4,5]       0.000001464538        0.04012094        0.06425437         0.1356772         0.2901945     0.04753066     0.05142476 0.0727212369752
(5,6]       0.963281724599        0.62256096        0.60242359         0.7609818        83.2745495     0.38521371     0.49248610 0.0000002063818

Value/SE (Wald statistics):
      (Intercept) TFC_GENDER(1,2] TFC_AGE(1,2] TFC_AGE(2,3] TFC_AGE(3,4] TFC_AGE(4,5] TFC_AGE(5,6] TFC_INCOME(1,2] TFC_INCOME(2,3] TFC_INCOME(3,4]
(1,2]  -21.822570      -0.8402124   -0.7462042     2.911940    0.1542999    -1.232886    -3.731779       3.5592017       3.7144083      6.79575548
(2,3]  -20.447370      -1.2993717   -6.2021699    -4.847322   -5.9545106    -5.475387    -6.502035       0.5954261      -0.7967442     -1.15139378
(3,4]   -9.254909       2.3321968    2.4378861     2.958655    2.9921547     3.084227     2.832447      -2.4061200      -1.1082644      2.71617102
(4,5]   -9.713384      -6.6475520   -0.8853274     3.445980   -1.7710536    -2.172214    -5.030741      -0.1816351      -1.0449771     -0.02247306
(5,6]  -28.345879       1.7195864   14.3647203    14.730860   29.1838648    30.901344    33.195846      -0.3456224       1.0323992     -1.24923678
      TFC_INCOME(4,9] TFC_CAR(1,2] TFC_LIC(1,2] TFC_TRIPDIST_R1(1,2] TFC_TRIPDIST_R1(2,3] TFC_TRIPDIST_R1(3,4] TFC_TRIPDIST_R1(4,5]
(1,2]       3.2079571    47.831955    13.240526             4.405482             2.039708           -0.5671217           -4.8170408
(2,3]      -1.2362839    42.113933    21.589533            -3.008280           -12.274509          -21.2026690          -21.6447640
(3,4]       1.6273384    35.924873    15.879004            -2.753234            -5.044909           -6.6505974           -7.8221052
(4,5]       0.6876824    55.581305    21.206039           -55.036710           -28.876297          -23.1141105           -9.6931456
(5,6] -607202.8758021     8.778333     6.017028             1.495405            -0.577060           -1.2762346            0.6132538
      TFC_TRIPDIST_R1(5,6] TFC_TRPDUR_R(1,2] TFC_TRPDUR_R(2,3] TFC_TRPDUR_R(3,4] TFC_TRPDUR_R(4,5] TFC_TOD_R(1,2] TFC_TOD_R(2,3]    TFC_TOD_R(3,4]
(1,2]           -8.0777321          5.862183         14.558187         21.185376       25.72743886     -3.1580204     -2.1602875        -0.6150230
(2,3]          -20.1245749          9.168527         20.734044         29.719185       33.06922034     -3.9915380     -5.3346074        -5.7092940
(3,4]           -6.0077345          8.660428         12.171289         15.317929       19.05226124     -0.2047010     -3.0702222         4.0206031
(4,5]    -15244594.7934755         16.949956         28.720471         24.367062       16.67056515      2.4765159     -0.3343312         0.7016005
(5,6]            0.3686394          1.171562          3.970156          3.246374       -0.07693994      0.3522087     -1.3086525 -81212452.9814809

Residual Deviance: 41416.54 
AIC: 41666.54 
Log likelihood: -20708.272 (125 df)
Pseudo R-Square: 0.65007110

==== ANOVA ====
Analysis of Deviance Table (Type II tests)

Response: TFC_MODE
                LR Chisq Df Pr(>Chisq)    
TFC_GENDER         136.0  5  < 2.2e-16 ***
TFC_AGE            424.0 25  < 2.2e-16 ***
TFC_INCOME         130.0 20  < 2.2e-16 ***
TFC_CAR           7208.8  5  < 2.2e-16 ***
TFC_LIC            836.1  5  < 2.2e-16 ***
TFC_TRIPDIST_R1  12053.9 25  < 2.2e-16 ***
TFC_TRPDUR_R      5715.1 20  < 2.2e-16 ***
TFC_TOD_R          164.8 15  < 2.2e-16 ***
---
Signif. codes:  0 '***' 0.001 '**' 0.01 '*' 0.05 '.' 0.1 ' ' 1
[1] "\n"
Time taken: 2.16 mins

Rattle timestamp: 2017-03-28 15:46:54 jx731
======================================================================
